2.4147098105690583
2.413129752839889
2.4115545360900477
2.4099841363553054
2.408418529680752
2.406857692260043
2.405301600448877
2.4037502307651213
2.4022035598875595
2.400661564654458
2.3991242220621745
2.3975915092637603
2.3960634035675845
2.3945398824359856
2.393020923483923
2.391506504477643
2.389996603333373
2.3884911981160295
2.3869902670379326
2.385493788457519
2.3840017408781096
2.3825141029466668
2.3810308534525495
2.3795519713263227
2.378077435638524
2.376607225598504
2.3751413205532357
2.373679699986149
2.372222343515986
2.370769230895652
2.3693203420111
2.36787565688019
2.3664351556516188
2.364998818603794
2.3635666261437733
2.362138558806176
2.3607145972521297
2.3592947222682317
2.3578789147654984
2.3564671557783217
2.355059426463486
2.353655708099129
2.352255982083762
2.3508602299352788
2.3494684332899567
2.3480805739015245
2.346696633640185
2.345316594491649
2.343940438556233
2.342568148047894
2.341199705293335
2.3398350927310707
2.338474292910538
2.3371172884912017
2.3357640622416587
2.334414597038778
2.333068875866807
2.331726881816549
2.330388598084467
2.3290540079718793
2.327723094884106
2.326395842329638
2.325072233919336
2.323752253365596
2.322435884481566
2.3211231111803494
2.319813917474197
2.3185082874737564
2.3172062053872673
2.3159076555198284
2.3146126222726107
2.313321090142129
2.312033043719481
2.310748467689621
2.309467346830634
2.3081896660129937
2.306915410198868
2.3056445644414025
2.3043771138840006
2.3031130437596636
2.301852339390272
2.300594986185906
2.2993409696441827
2.2980902753495704
2.2968428889727397
2.295598796269886
2.2943579830821044
2.2931204353347097
2.291886139036632
2.290655080279757
2.289427245238306
2.2882026201682244
2.2869811914065497
2.285762945370805
2.2845478685584006
2.283335947546023
2.2821271689890503
2.2809215196209616
2.2797189862527465
2.278519555772334
2.2774427105334594
